[gd_scene load_steps=5 format=2]

[ext_resource path="res://FireExtinguisher.tscn" type="PackedScene" id=1]
[ext_resource path="res://assets/Audio/steps-in-corridor-104456.mp3" type="AudioStream" id=2]
[ext_resource path="res://Player.gd" type="Script" id=3]

[sub_resource type="CapsuleShape" id=1]
radius = 0.417241
height = 1.11647

[node name="Player" type="KinematicBody"]
collision/safe_margin = 0.05
script = ExtResource( 3 )

[node name="Face" type="Spatial" parent="."]
transform = Transform( -1, -2.2527e-09, -1.50625e-07, -1.27936e-08, 0.997546, 0.0700177, 1.50098e-07, 0.0700177, -0.997546, 0, 1.6, 0 )

[node name="CollisionShape" type="CollisionShape" parent="."]
transform = Transform( 1, 0, 0, 0, -1.62921e-07, 1, 0, -1, -1.62921e-07, 0, 0.972435, 0 )
shape = SubResource( 1 )
disabled = true

[node name="Rotation_helper" type="Spatial" parent="."]
transform = Transform( 1, 0, 0, 0, 1, 0, 0, 0, 1, 0, 1.6, 0 )

[node name="Camera" type="Camera" parent="Rotation_helper"]
transform = Transform( -1, -2.25269e-09, -1.50625e-07, -1.27936e-08, 0.997546, 0.0700177, 1.50098e-07, 0.0700177, -0.997546, 0, 0, 0 )
current = true
fov = 49.2943

[node name="PickupAnchor" type="Spatial" parent="Rotation_helper/Camera"]
transform = Transform( -1, -1.27936e-08, 1.50098e-07, -2.25269e-09, 0.997546, 0.0700177, -1.50626e-07, 0.0700177, -0.997546, 0.00733998, -0.239045, -0.994406 )

[node name="FireExtinguisher" parent="Rotation_helper/Camera" instance=ExtResource( 1 )]
transform = Transform( 0.0787698, -0.00552885, -0.996877, 0.000218086, 0.999985, -0.00552885, 0.996893, 0.000218093, 0.0787698, 0.394112, -0.882841, -1.08624 )

[node name="RayCast" type="RayCast" parent="Rotation_helper/Camera"]
transform = Transform( 1, 0, -5.68434e-14, 0, 1, 0, 0, 0, 1, 2.06152e-09, -0.160742, -0.0112824 )
enabled = true
cast_to = Vector3( 0, 0, -5 )

[node name="RemoteTransformFace" type="RemoteTransform" parent="Rotation_helper"]
transform = Transform( -1, -2.25269e-09, -1.50625e-07, -1.27936e-08, 0.997546, 0.0700177, 1.50098e-07, 0.0700177, -0.997546, 0, 0, 0 )
remote_path = NodePath("../../Face")
update_position = false

[node name="Timer" type="Timer" parent="."]
wait_time = 0.2
autostart = true

[node name="Foot_step" type="AudioStreamPlayer3D" parent="."]
stream = ExtResource( 2 )
max_db = 6.0
max_distance = 5.0
