[gd_resource type="Skin" format=2]

[resource]
resource_name = "Skin"
bind_count = 45
bind/0/name = "left_foot_ctrl"
bind/0/bone = -1
bind/0/pose = Transform( -4.01339e-07, -1.38237e-07, -1, -1.90278e-08, -1, 1.38237e-07, -1, 5.548e-14, 4.01339e-07, -0.14881, 0.193205, 0.302855 )
bind/1/name = "left_heel_roll"
bind/1/bone = -1
bind/1/pose = Transform( -0.999496, 0.031728, 0.000535849, 0.000507124, -0.000915561, 0.999999, 0.0317285, 0.999496, 0.00089901, 0.324627, 0.21951, -0.0234139 )
bind/2/name = "left_toe_roll"
bind/2/bone = -1
bind/2/pose = Transform( 0.978951, -4.37115e-09, -0.204106, -0.204106, 1.55384e-08, -0.978949, -1.09216e-07, 1, 2.37223e-08, -0.328674, 0.157659, -0.0131549 )
bind/3/name = "left_foot_ik"
bind/3/bone = -1
bind/3/pose = Transform( 0.984981, 0.129131, -0.114636, 0.169555, -0.597668, 0.78361, 0.032674, -0.791276, -0.610585, -0.340314, 0.180731, 0.0521217 )
bind/4/name = "left_foot_roll_ctrl"
bind/4/bone = -1
bind/4/pose = Transform( 1, -4.44106e-14, -2.84217e-14, -1.74137e-08, -2.40033e-07, -1, 1.90279e-08, 1, -2.40033e-07, -0.302855, -0.14881, -0.193205 )
bind/5/name = "left_knee_ctrl"
bind/5/bone = -1
bind/5/pose = Transform( 1, 1.76965e-07, 3.17865e-08, -1.57937e-07, 1, 3.87281e-08, -3.17865e-08, -3.87281e-08, 1, -0.276968, -0.779905, -0.469148 )
bind/6/name = "right_foot_ctrl"
bind/6/bone = -1
bind/6/pose = Transform( -4.01339e-07, -1.38237e-07, -1, -1.90278e-08, -1, 1.38237e-07, -1, 5.548e-14, 4.01339e-07, -0.14881, 0.193205, -0.302373 )
bind/7/name = "right_heel_roll"
bind/7/bone = -1
bind/7/pose = Transform( -0.999506, 0.0314189, -0.000478041, -0.000506988, -0.000915561, 0.999999, 0.0314185, 0.999506, 0.000931038, -0.324976, 0.21951, -0.00289343 )
bind/8/name = "right_toe_roll"
bind/8/bone = -1
bind/8/pose = Transform( 0.978955, -1.34162e-09, 0.204107, 0.204107, -3.00689e-08, -0.978949, -3.2822e-07, 1, -6.84321e-08, 0.328204, 0.157561, -0.013155 )
bind/9/name = "right_foot_ik"
bind/9/bone = -1
bind/9/pose = Transform( 0.984985, -0.076408, 0.15485, -0.169555, -0.597668, 0.783609, 0.0326745, -0.798095, -0.601646, 0.335638, 0.180812, 0.0745447 )
bind/10/name = "right_foot_roll_ctrl"
bind/10/bone = -1
bind/10/pose = Transform( 1, -4.44106e-14, -2.84217e-14, -1.74137e-08, -2.40033e-07, -1, 1.90279e-08, 1, -2.40033e-07, 0.302373, -0.14881, -0.193205 )
bind/11/name = "right_knee_ctrl"
bind/11/bone = -1
bind/11/pose = Transform( 1, 1.76965e-07, 3.17865e-08, -1.57937e-07, 1, 3.87281e-08, -3.17865e-08, -3.87281e-08, 1, 0.273174, -0.779905, -0.469148 )
bind/12/name = "hips_ctrl"
bind/12/bone = -1
bind/12/pose = Transform( -0.999996, -0.00288614, 0.00018603, 0.00288614, -0.999996, -4.09783e-07, 0.00018603, 2.64991e-07, 1, 0.0042852, 1.56417, -0.0312406 )
bind/13/name = "hips"
bind/13/bone = -1
bind/13/pose = Transform( 0.999996, -2.82034e-10, -1.45516e-11, -1.0501e-08, 1, -9.20614e-07, -2.91037e-10, 4.95873e-10, 1, -0.000241189, -1.24222, -0.0312402 )
bind/14/name = "spine"
bind/14/bone = -1
bind/14/pose = Transform( 0.999996, -1.97401e-08, 2.23064e-08, 1.16457e-08, 0.992547, -0.121858, -2.13519e-08, 0.121857, 0.992547, -0.000241159, -1.54871, -0.221613 )
bind/15/name = "chest"
bind/15/bone = -1
bind/15/pose = Transform( 0.999996, 6.95337e-12, -7.66558e-13, -1.07079e-08, 0.995165, -0.0982136, -1.36306e-09, 0.0982126, 0.995165, -0.000241196, -1.84051, -0.177883 )
bind/16/name = "upper_chest"
bind/16/bone = -1
bind/16/pose = Transform( 0.999996, 6.95337e-12, -3.44883e-18, -1.079e-08, 1, -9.46224e-07, -3.05586e-10, 7.45058e-09, 1, -0.000241196, -2.15288, 0.0337208 )
bind/17/name = "neck"
bind/17/bone = -1
bind/17/pose = Transform( 0.999996, -3.15055e-13, -4.87037e-14, -1.07028e-08, 0.98826, 0.15278, 1.34544e-09, -0.152781, 0.98826, -0.000241196, -2.39014, 0.403628 )
bind/18/name = "head"
bind/18/bone = -1
bind/18/pose = Transform( 0.999996, -3.1529e-13, -1.56812e-15, -1.07841e-08, 0.999987, 0.00497414, -2.51936e-10, -0.00497508, 0.999988, -0.000241196, -2.6985, 0.00467164 )
bind/19/name = "left_shoulder"
bind/19/bone = -1
bind/19/pose = Transform( 0.0614732, 0.00868744, 0.998071, 0.95533, -0.290115, -0.0563158, 0.289065, 0.956952, -0.0261347, -0.0577666, 0.623322, -2.35396 )
bind/20/name = "left_arm"
bind/20/bone = -1
bind/20/pose = Transform( -0.0885877, -0.99606, -0.00393553, 0.995723, -0.0884536, -0.0265361, 0.0260832, -0.00627041, 0.99964, 2.3794, -0.125234, -0.0106262 )
bind/21/name = "left_fore_arm"
bind/21/bone = -1
bind/21/pose = Transform( -0.0771923, -0.996599, -0.0288524, 0.994609, -0.0789825, 0.067135, -0.0691853, -0.0235156, 0.997327, 2.37158, -0.617451, 0.105991 )
bind/22/name = "left_hand"
bind/22/bone = -1
bind/22/pose = Transform( 0.00792247, 0.0798081, -0.996779, 0.995105, -0.0987844, -7.72995e-08, -0.0984657, -0.991903, -0.0801995, -0.152699, -1.09762, 2.3912 )
bind/23/name = "left_hand_index_1"
bind/23/bone = -1
bind/23/pose = Transform( -0.00982744, -0.0743322, -0.997185, 0.99137, -0.131069, -5.12226e-08, -0.1307, -0.988583, 0.07498, 0.2219, -1.11468, 2.42344 )
bind/24/name = "left_hand_index_2"
bind/24/bone = -1
bind/24/pose = Transform( 0.0200346, 0.05582, -0.99824, 0.941209, -0.337816, 1.9744e-07, -0.33722, -0.939555, -0.0593056, -0.117478, -0.72672, 2.64457 )
bind/25/name = "left_hand_index_3"
bind/25/bone = -1
bind/25/pose = Transform( -0.000690486, -0.00160368, -0.999999, 0.918477, -0.395465, 2.55705e-07, -0.395463, -0.918479, 0.00174693, 0.0442707, -0.663314, 2.69306 )
bind/26/name = "left_hand_thumb_1"
bind/26/bone = -1
bind/26/pose = Transform( 0.122108, 0.954362, 0.272548, 0.358587, -0.298476, 0.884493, 0.925472, -0.0102709, -0.37867, -2.3522, 0.0543973, -1.21788 )
bind/27/name = "left_hand_thumb_2"
bind/27/bone = -1
bind/27/pose = Transform( 0.121373, 0.963691, 0.23784, 0.701596, -0.25279, 0.666226, 0.702157, 0.0860066, -0.706807, -2.364, -0.595152, -1.03732 )
bind/28/name = "right_shoulder"
bind/28/bone = -1
bind/28/pose = Transform( 0.0614737, -0.38147, 0.922335, -0.955329, -0.290115, -0.0563157, 0.289065, -0.877675, -0.382264, 0.905082, 0.623783, 2.17362 )
bind/29/name = "right_arm"
bind/29/bone = -1
bind/29/pose = Transform( 0.0341576, -0.0857975, -0.995727, -0.995723, -0.088453, -0.0265361, -0.085798, 0.992378, -0.0884532, 0.230433, -0.124755, -2.3682 )
bind/30/name = "right_fore_arm"
bind/30/bone = -1
bind/30/pose = Transform( -0.0771923, 0.13208, -0.988229, -0.994609, -0.0789829, 0.067135, -0.0691858, 0.988087, 0.137464, -0.364003, -0.61697, -2.34584 )
bind/31/name = "right_hand"
bind/31/bone = -1
bind/31/pose = Transform( 0.00792222, -0.079805, -0.996779, -0.995105, -0.0987843, -4.0978e-08, -0.0984657, 0.991903, -0.0801982, 0.231569, -1.09714, -2.38481 )
bind/32/name = "right_hand_index_1"
bind/32/bone = -1
bind/32/pose = Transform( -0.00982737, 0.0743324, -0.997185, -0.99137, -0.131069, -3.72528e-08, -0.1307, 0.988582, 0.0749783, -0.142981, -1.1142, -2.42931 )
bind/33/name = "right_hand_index_2"
bind/33/bone = -1
bind/33/pose = Transform( 0.0200338, -0.0558181, -0.99824, -0.94121, -0.337813, 2.16066e-07, -0.337218, 0.939556, -0.0593054, 0.196461, -0.726274, -2.63971 )
bind/34/name = "right_hand_index_3"
bind/34/bone = -1
bind/34/pose = Transform( -0.000690329, 0.00160331, -0.999998, -0.918477, -0.395467, 2.79046e-07, -0.395465, 0.918478, 0.00174466, 0.0348676, -0.662866, -2.69301 )
bind/35/name = "right_hand_thumb_1"
bind/35/bone = -1
bind/35/pose = Transform( 0.122103, 0.924367, 0.361435, -0.358588, -0.298476, 0.884492, 0.925472, -0.237607, 0.295024, -1.95589, 0.0545687, 1.78583 )
bind/36/name = "right_hand_thumb_2"
bind/36/bone = -1
bind/36/pose = Transform( 0.121374, 0.8789, 0.461304, -0.701597, -0.25279, 0.666226, 0.702156, -0.404514, 0.585954, -1.87867, -0.594814, 1.77035 )
bind/37/name = "left_up_leg"
bind/37/bone = -1
bind/37/pose = Transform( 0.989459, 0.139158, -0.0395509, 0.13768, -0.989746, -0.0380196, -0.0444275, 0.032177, -0.998493, -0.379409, 1.26076, -0.00169475 )
bind/38/name = "left_leg"
bind/38/bone = -1
bind/38/pose = Transform( 0.998872, 0.0454923, 0.0119862, 0.0470508, -0.963679, -0.262878, -0.000402115, 0.263153, -0.964754, -0.309519, 0.74163, -0.194286 )
bind/39/name = "left_foot"
bind/39/bone = -1
bind/39/pose = Transform( 0.984959, 0.129127, -0.114635, 0.169545, -0.59767, 0.783609, 0.0326804, -0.791274, -0.610585, -0.340307, 0.180734, 0.0521189 )
bind/40/name = "left_toes"
bind/40/bone = -1
bind/40/pose = Transform( -0.992784, 5.2741e-05, 0.119755, 0.119649, -0.0395773, 0.992025, 0.00478472, 0.999215, 0.0392837, 0.34093, -0.128387, -0.0182651 )
bind/41/name = "right_up_leg"
bind/41/bone = -1
bind/41/pose = Transform( 0.98948, -0.135716, -0.0501143, -0.137677, -0.989747, -0.0380204, -0.0444378, 0.0445204, -0.99802, 0.377261, 1.26082, -0.0356734 )
bind/42/name = "right_leg"
bind/42/bone = -1
bind/42/pose = Transform( 0.998893, -0.0452778, -0.0127762, -0.0470417, -0.963681, -0.26288, -0.000407291, 0.26319, -0.964744, 0.308885, 0.741656, -0.194536 )
bind/43/name = "right_foot"
bind/43/bone = -1
bind/43/pose = Transform( 0.984979, -0.0764081, 0.154848, -0.169555, -0.597668, 0.783611, 0.0326768, -0.798095, -0.601646, 0.335636, 0.180812, 0.0745451 )
bind/44/name = "right_toes"
bind/44/bone = -1
bind/44/pose = Transform( -0.992803, 0.00958511, -0.119373, -0.119664, -0.039574, 0.992026, 0.00478277, 0.999171, 0.0404359, -0.340618, -0.128335, -0.0149813 )
